1010 中國文學系 4 10 5 8 8 10 6 7 8 6 12 14 16 12
1011 中國文學系國際學生學士班 1 2 5 6 7 6 4 5 4 4 4 4 6 6
1020 外國語文學系 5 12 16 19 14 13 16 19 26 27 27 23 22 20
1030 歷史學系 2 7 6 5 7 6 8 12 9 15 6 10 15 13
1040 哲學系 1 8 8 5 3 5 7 8 10 8 9 10 8 13
1050 人類學系 0 4 5 7 6 7 6 5 6 6 4 4 6 2
1060 圖書資訊學系 0 3 3 7 7 6 6 4 5 6 4 3 3 6
1070 日本語文學系 2 6 4 5 8 10 10 8 5 4 11 12 6 8
1090 戲劇學系 1 6 4 7 4 4 6 9 9 4 9 7 13 16
2010 數學系 3 11 9 10 11 14 15 12 9 9 8 7 8 9
2020 物理學系 1 11 6 14 8 10 11 12 14 11 16 16 13 13
2030 化學系 2 10 6 6 9 12 10 10 13 10 10 8 13 15
2040 地質科學系 2 6 2 3 4 2 6 6 6 9 6 5 7 7
2070 心理學系 1 15 22 25 17 14 20 21 25 27 17 20 28 24
2080 地理環境資源學系 2 6 5 7 9 14 15 12 13 11 12 10 8 5
2090 大氣科學系 0 3 5 7 9 9 9 10 8 7 7 9 5 6
3021 政治學系政治理論組 1 11 6 5 8 6 5 4 7 8 8 7 5 9
3022 政治學系國際關係組 2 7 9 10 8 1 9 7 10 9 8 7 17 12
3023 政治學系公共行政組 3 6 3 3 1 6 3 2 3 5 3 8 8
3030 經濟學系 3 22 6 16 18 15 21 19 17 14 18 21 24 22
3050 社會學系 2 1 1 3 4 4 7 7 9 11 13 11 10 12
3100 社會工作學系 2 4 2 4 4 8 6 6 8 8 7 8 7 9
4010 醫學系 1 5 3 4 7 8 6 15 10 9 9 9 12 14
4020 牙醫學系 1 4 2 3 1 1 0 2 0 2 4 6 4
4030 藥學系 4 11 10 11 11 12 9 10 10 9 11 13 16 15
4040 醫學檢驗暨生物技術學系 1 16 13 14 20 18 13 16 17 17 14 17 14 16
4060 護理學系 2 13 10 9 6 7 15 15 16 20 21 18 15 15
4080 物理治療學系 2 13 16 19 22 19 12 13 11 13 15 13 14 10
4090 職能治療學系 1 12 12 11 8 8 10 10 11 11 15 17 12 13
5010 土木工程學系 5 12 10 9 9 12 23 23 19 19 19 20 23 26
5020 機械工程學系 2 12 20 16 16 17 23 18 28 27 22 21 24 26
5040 化學工程學系 1 7 11 10 15 15 13 18 13 15 24 26 27 29
5050 工程科學及海洋工程學系 1 5 6 7 6 9 8 8 7 8 7 6 5 9
5070 材料科學與工程學系 1 9 3 5 6 4 10 12 14 16 11 10 10 10
6010 農藝學系 1 8 10 10 8 8 10 7 8 7 2 2 2 4
6020 生物環境系統工程學系 1 4 3 4 7 10 10 14 11 9 15 16 11 14
6030 農業化學系 0 13 9 7 10 10 7 9 5 6 10 12 16 16
6050 森林環境暨資源學系 2 19 13 18 23 27 18 16 19 20 15 17 19 22
6060 動物科學技術學系 0 6 6 8 13 13 12 11 13 11 12 11 8 8
6070 農業經濟學系 3 9 7 7 7 11 17 18 13 14 8 9 16 17
6080 園藝暨景觀學系 2 12 9 7 12 9 10 10 8 10 18 18 15 19
6090 獸醫學系 6 22 22 25 23 24 24 28 26 0 22 18 27 21
6100 生物產業傳播暨發展學系 2 4 3 4 3 4 6 4 3 4 8 6 4 3
6110 生物產業機電工程學系 2 5 3 4 12 14 6 5 6 6 5 7 6 8
6120 昆蟲學系 1 14 8 8 8 10 12 14 10 10 9 12 19 18
6130 植物病理與微生物學系 0 9 6 10 10 14 6 7 8 9 5 6 8 13
7011 工商管理學系企業管理組 0 6 7 8 7 7 4 4 7 8 6 6 6 6
7012 工商管理學系科技管理組 3 6 7 8 7 7 11 11 12 10 9 9 12 12
7020 會計學系 1 4 4 5 8 8 8 9 9 6 8 11 14 11
7030 財務金融學系 2 7 12 10 20 23 17 15 27 23 20 21 24 17
7040 國際企業學系 2 6 5 3 8 9 8 8 4 7 13 12 17 15
7050 資訊管理學系 2 8 6 10 6 9 9 10 8 8 14 10 9 10
8010 公共衛生學系 1 13 10 12 13 17 17 13 11 10 11 12 9 11
9010 電機工程學系 2 14 14 23 16 23 26 30 24 28 29 30 32 36
9020 資訊工程學系 4 9 9 10 13 15 24 22 24 27 22 27 19 19
A011 法律學系法學組 5 4 10 8 5 2 6 8 4 5 4 4 8 7
A012 法律學系司法組 0 5 5 5 6 6 5 2 5 5 5 5 7 10
A013 法律學系財經法學組 0 3 3 3 2 1 7 7 6 8 6 9 9 7
B010 生命科學系 5 25 20 19 23 25 20 18 22 19 21 25 31 29
B020 生化科技學系 1 11 8 10 13 16 15 14 18 17 21 23 15 15
