中國文學系 1010 268 75 193 24 40 13 47 11 47 16 43 11 16
中國文學系國際學生學士班 1011 68 23 45 11 12 5 9 2 7 5 14 3
外國語文學系 1020 544 128 416 31 89 26 98 31 96 25 94 15 39
歷史學系 1030 264 122 142 31 30 33 33 22 28 22 32 14 19
哲學系 1040 186 104 82 27 18 26 18 13 20 25 18 13 8
人類學系 1050 158 59 99 16 31 14 21 12 18 12 18 5 11
圖書資訊學系 1060 210 48 162 13 40 16 33 8 31 6 42 5 16
日本語文學系 1070 266 58 208 11 45 11 46 14 39 12 52 10 26
戲劇學系 1090 189 88 101 17 20 18 23 16 24 20 16 17 18
數學系 2010 222 194 28 42 10 38 8 49 6 42 2 23 2
物理學系 2020 278 244 34 50 7 66 7 55 7 54 10 19 3
化學系 2030 290 218 72 43 20 56 16 59 12 50 22 10 2
地質科學系 2040 167 115 52 32 14 27 11 22 11 24 15 10 1
心理學系 2070 290 119 171 30 33 29 43 22 44 23 38 15 13
地理環境資源學系 2080 164 103 61 24 17 26 8 22 14 20 18 11 4
大氣科學系 2090 163 111 52 24 14 24 15 25 11 29 7 9 5
政治學系政治理論組 3021 236 125 111 31 23 27 28 21 26 32 20 14 14
政治學系國際關係組 3022 291 104 187 18 37 26 47 25 37 27 40 8 26
政治學系公共行政組 3023 225 83 142 19 35 21 33 18 30 16 33 9 11
經濟學系 3030 590 317 273 64 49 65 75 82 64 74 58 32 27
社會學系 3050 204 80 124 24 28 16 35 18 27 17 24 5 10
社會工作學系 3100 211 71 140 21 36 17 33 11 31 12 35 10 5
醫學系 4010 1001 746 255 119 39 115 39 99 33 99 35 91 42 101 35 103 30 19 2
牙醫學系 4020 211 136 75 22 14 24 11 18 15 21 14 22 10 26 11 3
藥學系 4030 198 101 97 22 23 25 23 23 23 27 26 4 2
醫學檢驗暨生物技術學系 4040 125 58 67 18 20 16 20 11 15 9 10 4 2
護理學系 4060 152 43 109 14 28 9 28 11 20 6 23 3 10
物理治療學系 4080 133 61 72 19 22 5 4 20 19 10 22 7 5
職能治療學系 4090 156 32 124 9 35 6 34 6 25 7 24 4 6
土木工程學系 5010 476 389 87 88 23 88 20 95 23 85 18 33 3
機械工程學系 5020 650 558 92 130 22 136 18 133 21 118 30 41 1
化學工程學系 5040 473 362 111 87 23 85 27 84 34 81 25 25 2
工程科學及海洋工程學系 5050 190 164 26 37 6 42 10 41 5 34 4 10 1
材料科學與工程學系 5070 210 154 56 37 12 37 17 34 12 36 11 10 4
農藝學系 6010 162 86 76 25 16 23 22 12 17 19 15 7 6
生物環境系統工程學系 6020 201 145 56 36 11 32 16 36 9 28 16 13 4
農業化學系 6030 168 108 60 21 15 33 10 23 15 24 19 7 1
森林環境暨資源學系 6050 274 171 103 43 26 40 31 40 16 36 21 12 9
動物科學技術學系 6060 110 61 49 18 14 14 18 13 9 15 6 1 2
農業經濟學系 6070 179 90 89 22 27 16 28 24 20 18 9 10 5
園藝暨景觀學系 6080 231 106 125 28 27 25 29 13 36 29 25 11 8
獸醫學系 6090 335 156 179 26 39 29 39 29 39 37 26 29 30 6 6
生物產業傳播暨發展學系 6100 254 76 178 15 43 13 47 21 34 20 39 7 15
生物產業機電工程學系 6110 181 147 34 37 9 36 10 32 6 35 5 7 4
昆蟲學系 6120 94 61 33 16 4 8 13 14 9 15 3 8 4
植物病理與微生物學系 6130 127 65 62 15 18 19 16 15 13 12 13 4 2
工商管理學系企業管理組 7011 259 84 175 24 39 19 40 22 38 10 50 9 8
工商管理學系科技管理組 7012 149 81 68 17 19 31 10 13 19 16 17 4 3
會計學系 7020 515 201 314 39 70 61 63 45 82 47 81 9 18
財務金融學系 7030 542 259 283 52 75 63 69 71 53 57 69 16 17
國際企業學系 7040 381 151 230 34 56 34 51 43 48 30 59 10 16
資訊管理學系 7050 209 151 58 36 17 32 16 38 12 32 11 13 2
公共衛生學院 8000 164 69 95 19 22 12 30 15 19 16 21 7 3
公共衛生學系 8010 164 69 95 19 22 12 30 15 19 16 21 7 3
電機工程學系 9010 805 689 116 139 32 171 24 159 27 156 28 64 5
資訊工程學系 9020 526 461 65 110 17 109 16 113 14 96 14 33 4
法律學系法學組 A011 256 107 149 18 36 30 29 29 39 24 36 6 9
法律學系司法組 A012 269 111 158 24 33 35 37 21 42 26 37 5 9
法律學系財經法學組 A013 273 117 156 28 34 28 40 31 38 29 36 1 8
生命科學系 B010 186 118 68 29 11 27 14 18 23 32 16 12 4
生化科技學系 B020 178 89 89 20 17 20 14 24 29 21 24 4 5
